########## Testcase 0: Failed ##########
Expected Output: 
4 vertices, 5 edges 
0: 2 1 
1: 2 
2: 0 
3: 2 

0 - 0.39999999999999997
1 - 0.20000000000000007
2 - 0.39999999999999997
3 - 0.0

Your Output: 
4 vertices, 5 edges 
0: 2 1 
1: 2 
2: 0 
3: 2 

[0.25, 0.125, 0.625, 0.0]
[0.625, 0.125, 0.25, 0.0]
[0.25, 0.3125, 0.4375, 0.0]
[0.4375, 0.125, 0.4375, 0.0]
[0.4375, 0.21875, 0.34375, 0.0]
[0.34375, 0.21875, 0.4375, 0.0]
[0.4375, 0.171875, 0.390625, 0.0]
[0.390625, 0.21875, 0.390625, 0.0]
[0.390625, 0.1953125, 0.4140625, 0.0]
[0.4140625, 0.1953125, 0.390625, 0.0]
[0.390625, 0.20703125, 0.40234375, 0.0]
[0.40234375, 0.1953125, 0.40234375, 0.0]
[0.40234375, 0.201171875, 0.396484375, 0.0]
[0.396484375, 0.201171875, 0.40234375, 0.0]
[0.40234375, 0.1982421875, 0.3994140625, 0.0]
[0.3994140625, 0.201171875, 0.3994140625, 0.0]
[0.3994140625, 0.19970703125, 0.40087890625, 0.0]
[0.40087890625, 0.19970703125, 0.3994140625, 0.0]
[0.3994140625, 0.200439453125, 0.400146484375, 0.0]
[0.400146484375, 0.19970703125, 0.400146484375, 0.0]
[0.400146484375, 0.2000732421875, 0.3997802734375, 0.0]
[0.3997802734375, 0.2000732421875, 0.400146484375, 0.0]
[0.400146484375, 0.19989013671875, 0.39996337890625, 0.0]
[0.39996337890625, 0.2000732421875, 0.39996337890625, 0.0]
[0.39996337890625, 0.199981689453125, 0.400054931640625, 0.0]
[0.400054931640625, 0.199981689453125, 0.39996337890625, 0.0]
[0.39996337890625, 0.2000274658203125, 0.4000091552734375, 0.0]
[0.4000091552734375, 0.199981689453125, 0.4000091552734375, 0.0]
[0.4000091552734375, 0.20000457763671875, 0.39998626708984375, 0.0]
[0.39998626708984375, 0.20000457763671875, 0.4000091552734375, 0.0]
[0.4000091552734375, 0.19999313354492188, 0.3999977111816406, 0.0]
[0.3999977111816406, 0.20000457763671875, 0.3999977111816406, 0.0]
[0.3999977111816406, 0.1999988555908203, 0.40000343322753906, 0.0]
[0.40000343322753906, 0.1999988555908203, 0.3999977111816406, 0.0]
[0.3999977111816406, 0.20000171661376953, 0.40000057220458984, 0.0]
[0.40000057220458984, 0.1999988555908203, 0.40000057220458984, 0.0]
[0.40000057220458984, 0.20000028610229492, 0.39999914169311523, 0.0]
[0.39999914169311523, 0.20000028610229492, 0.40000057220458984, 0.0]
[0.40000057220458984, 0.19999957084655762, 0.39999985694885254, 0.0]
[0.39999985694885254, 0.20000028610229492, 0.39999985694885254, 0.0]
[0.39999985694885254, 0.19999992847442627, 0.4000002145767212, 0.0]
[0.4000002145767212, 0.19999992847442627, 0.39999985694885254, 0.0]
[0.39999985694885254, 0.2000001072883606, 0.40000003576278687, 0.0]
[0.40000003576278687, 0.19999992847442627, 0.40000003576278687, 0.0]
[0.40000003576278687, 0.20000001788139343, 0.3999999463558197, 0.0]
[0.3999999463558197, 0.20000001788139343, 0.40000003576278687, 0.0]
[0.40000003576278687, 0.19999997317790985, 0.3999999910593033, 0.0]
[0.3999999910593033, 0.20000001788139343, 0.3999999910593033, 0.0]
[0.3999999910593033, 0.19999999552965164, 0.4000000134110451, 0.0]
[0.4000000134110451, 0.19999999552965164, 0.3999999910593033, 0.0]
[0.3999999910593033, 0.20000000670552254, 0.4000000022351742, 0.0]
[0.4000000022351742, 0.19999999552965164, 0.4000000022351742, 0.0]
[0.4000000022351742, 0.2000000011175871, 0.39999999664723873, 0.0]
[0.39999999664723873, 0.2000000011175871, 0.4000000022351742, 0.0]
[0.4000000022351742, 0.19999999832361937, 0.39999999944120646, 0.0]
[0.39999999944120646, 0.2000000011175871, 0.39999999944120646, 0.0]
[0.39999999944120646, 0.19999999972060323, 0.4000000008381903, 0.0]
[0.4000000008381903, 0.19999999972060323, 0.39999999944120646, 0.0]
[0.39999999944120646, 0.20000000041909516, 0.4000000001396984, 0.0]
[0.4000000001396984, 0.19999999972060323, 0.4000000001396984, 0.0]
[0.4000000001396984, 0.2000000000698492, 0.3999999997904524, 0.0]
[0.3999999997904524, 0.2000000000698492, 0.4000000001396984, 0.0]
[0.4000000001396984, 0.1999999998952262, 0.3999999999650754, 0.0]
[0.3999999999650754, 0.2000000000698492, 0.3999999999650754, 0.0]
[0.3999999999650754, 0.1999999999825377, 0.4000000000523869, 0.0]
[0.4000000000523869, 0.1999999999825377, 0.3999999999650754, 0.0]
[0.3999999999650754, 0.20000000002619345, 0.40000000000873115, 0.0]
[0.40000000000873115, 0.1999999999825377, 0.40000000000873115, 0.0]
[0.40000000000873115, 0.20000000000436557, 0.3999999999869033, 0.0]
[0.3999999999869033, 0.20000000000436557, 0.40000000000873115, 0.0]
[0.40000000000873115, 0.19999999999345164, 0.3999999999978172, 0.0]
[0.3999999999978172, 0.20000000000436557, 0.3999999999978172, 0.0]
[0.3999999999978172, 0.1999999999989086, 0.4000000000032742, 0.0]
[0.4000000000032742, 0.1999999999989086, 0.3999999999978172, 0.0]
[0.3999999999978172, 0.2000000000016371, 0.4000000000005457, 0.0]
[0.4000000000005457, 0.1999999999989086, 0.4000000000005457, 0.0]
[0.4000000000005457, 0.20000000000027285, 0.39999999999918145, 0.0]
[0.39999999999918145, 0.20000000000027285, 0.4000000000005457, 0.0]
[0.4000000000005457, 0.19999999999959073, 0.3999999999998636, 0.0]
[0.3999999999998636, 0.20000000000027285, 0.3999999999998636, 0.0]
[0.3999999999998636, 0.1999999999999318, 0.40000000000020464, 0.0]
[0.40000000000020464, 0.1999999999999318, 0.3999999999998636, 0.0]
[0.3999999999998636, 0.20000000000010232, 0.4000000000000341, 0.0]
[0.4000000000000341, 0.1999999999999318, 0.4000000000000341, 0.0]
[0.4000000000000341, 0.20000000000001705, 0.39999999999994884, 0.0]
[0.39999999999994884, 0.20000000000001705, 0.4000000000000341, 0.0]
[0.4000000000000341, 0.19999999999997442, 0.3999999999999915, 0.0]
[0.3999999999999915, 0.20000000000001705, 0.3999999999999915, 0.0]
[0.3999999999999915, 0.19999999999999574, 0.4000000000000128, 0.0]
[0.4000000000000128, 0.19999999999999574, 0.3999999999999915, 0.0]
[0.3999999999999915, 0.2000000000000064, 0.40000000000000213, 0.0]
[0.40000000000000213, 0.19999999999999574, 0.40000000000000213, 0.0]
[0.40000000000000213, 0.20000000000000107, 0.3999999999999968, 0.0]
[0.3999999999999968, 0.20000000000000107, 0.40000000000000213, 0.0]
[0.40000000000000213, 0.1999999999999984, 0.39999999999999947, 0.0]
[0.39999999999999947, 0.20000000000000107, 0.39999999999999947, 0.0]
[0.39999999999999947, 0.19999999999999973, 0.4000000000000008, 0.0]
[0.4000000000000008, 0.19999999999999973, 0.39999999999999947, 0.0]
[0.39999999999999947, 0.2000000000000004, 0.40000000000000013, 0.0]
[0.40000000000000013, 0.19999999999999973, 0.40000000000000013, 0.0]
[0.40000000000000013, 0.20000000000000007, 0.3999999999999998, 0.0]
[0.3999999999999998, 0.20000000000000007, 0.40000000000000013, 0.0]
[0.40000000000000013, 0.1999999999999999, 0.39999999999999997, 0.0]
[0.39999999999999997, 0.20000000000000007, 0.39999999999999997, 0.0]
[0.39999999999999997, 0.19999999999999998, 0.4, 0.0]
[0.4, 0.19999999999999998, 0.39999999999999997, 0.0]
[0.39999999999999997, 0.2, 0.4, 0.0]
[0.4, 0.19999999999999998, 0.4, 0.0]
[0.4, 0.2, 0.4, 0.0]
[0.4, 0.2, 0.4, 0.0]
[0.4, 0.2, 0.4, 0.0]
[0.4, 0.2, 0.4, 0.0]
[0.4, 0.2, 0.4, 0.0]
[0.4, 0.2, 0.4, 0.0]
[0.4, 0.2, 0.4, 0.0]
[0.4, 0.2, 0.4, 0.0]
[0.4, 0.2, 0.4, 0.0]
[0.4, 0.2, 0.4, 0.0]
[0.4, 0.2, 0.4, 0.0]
[0.4, 0.2, 0.4, 0.0]
[0.4, 0.2, 0.4, 0.0]
[0.4, 0.2, 0.4, 0.0]
[0.4, 0.2, 0.4, 0.0]
[0.4, 0.2, 0.4, 0.0]
[0.4, 0.2, 0.4, 0.0]
[0.4, 0.2, 0.4, 0.0]
[0.4, 0.2, 0.4, 0.0]
[0.4, 0.2, 0.4, 0.0]
[0.4, 0.2, 0.4, 0.0]
[0.4, 0.2, 0.4, 0.0]
[0.4, 0.2, 0.4, 0.0]
[0.4, 0.2, 0.4, 0.0]
[0.4, 0.2, 0.4, 0.0]
[0.4, 0.2, 0.4, 0.0]
[0.4, 0.2, 0.4, 0.0]
[0.4, 0.2, 0.4, 0.0]
[0.4, 0.2, 0.4, 0.0]
[0.4, 0.2, 0.4, 0.0]
[0.4, 0.2, 0.4, 0.0]
[0.4, 0.2, 0.4, 0.0]
[0.4, 0.2, 0.4, 0.0]
[0.4, 0.2, 0.4, 0.0]
[0.4, 0.2, 0.4, 0.0]
[0.4, 0.2, 0.4, 0.0]
[0.4, 0.2, 0.4, 0.0]
[0.4, 0.2, 0.4, 0.0]
[0.4, 0.2, 0.4, 0.0]
[0.4, 0.2, 0.4, 0.0]
[0.4, 0.2, 0.4, 0.0]
[0.4, 0.2, 0.4, 0.0]
[0.4, 0.2, 0.4, 0.0]
[0.4, 0.2, 0.4, 0.0]
[0.4, 0.2, 0.4, 0.0]
[0.4, 0.2, 0.4, 0.0]
[0.4, 0.2, 0.4, 0.0]
[0.4, 0.2, 0.4, 0.0]
[0.4, 0.2, 0.4, 0.0]
[0.4, 0.2, 0.4, 0.0]
[0.4, 0.2, 0.4, 0.0]
[0.4, 0.2, 0.4, 0.0]
[0.4, 0.2, 0.4, 0.0]
[0.4, 0.2, 0.4, 0.0]
[0.4, 0.2, 0.4, 0.0]
[0.4, 0.2, 0.4, 0.0]
[0.4, 0.2, 0.4, 0.0]
[0.4, 0.2, 0.4, 0.0]
[0.4, 0.2, 0.4, 0.0]
[0.4, 0.2, 0.4, 0.0]
[0.4, 0.2, 0.4, 0.0]
[0.4, 0.2, 0.4, 0.0]
[0.4, 0.2, 0.4, 0.0]
[0.4, 0.2, 0.4, 0.0]
[0.4, 0.2, 0.4, 0.0]
[0.4, 0.2, 0.4, 0.0]
[0.4, 0.2, 0.4, 0.0]
[0.4, 0.2, 0.4, 0.0]
[0.4, 0.2, 0.4, 0.0]
[0.4, 0.2, 0.4, 0.0]
[0.4, 0.2, 0.4, 0.0]
[0.4, 0.2, 0.4, 0.0]
[0.4, 0.2, 0.4, 0.0]
[0.4, 0.2, 0.4, 0.0]
[0.4, 0.2, 0.4, 0.0]
[0.4, 0.2, 0.4, 0.0]
[0.4, 0.2, 0.4, 0.0]
[0.4, 0.2, 0.4, 0.0]
[0.4, 0.2, 0.4, 0.0]
[0.4, 0.2, 0.4, 0.0]
[0.4, 0.2, 0.4, 0.0]
[0.4, 0.2, 0.4, 0.0]
[0.4, 0.2, 0.4, 0.0]
[0.4, 0.2, 0.4, 0.0]
[0.4, 0.2, 0.4, 0.0]
[0.4, 0.2, 0.4, 0.0]
[0.4, 0.2, 0.4, 0.0]
[0.4, 0.2, 0.4, 0.0]
[0.4, 0.2, 0.4, 0.0]
[0.4, 0.2, 0.4, 0.0]
[0.4, 0.2, 0.4, 0.0]
[0.4, 0.2, 0.4, 0.0]
[0.4, 0.2, 0.4, 0.0]
[0.4, 0.2, 0.4, 0.0]
[0.4, 0.2, 0.4, 0.0]
[0.4, 0.2, 0.4, 0.0]
[0.4, 0.2, 0.4, 0.0]
[0.4, 0.2, 0.4, 0.0]
[0.4, 0.2, 0.4, 0.0]
[0.4, 0.2, 0.4, 0.0]
[0.4, 0.2, 0.4, 0.0]
[0.4, 0.2, 0.4, 0.0]
[0.4, 0.2, 0.4, 0.0]
[0.4, 0.2, 0.4, 0.0]
[0.4, 0.2, 0.4, 0.0]
[0.4, 0.2, 0.4, 0.0]
[0.4, 0.2, 0.4, 0.0]
[0.4, 0.2, 0.4, 0.0]
[0.4, 0.2, 0.4, 0.0]
[0.4, 0.2, 0.4, 0.0]
[0.4, 0.2, 0.4, 0.0]
[0.4, 0.2, 0.4, 0.0]
[0.4, 0.2, 0.4, 0.0]
[0.4, 0.2, 0.4, 0.0]
[0.4, 0.2, 0.4, 0.0]
[0.4, 0.2, 0.4, 0.0]
[0.4, 0.2, 0.4, 0.0]
[0.4, 0.2, 0.4, 0.0]
[0.4, 0.2, 0.4, 0.0]
[0.4, 0.2, 0.4, 0.0]
[0.4, 0.2, 0.4, 0.0]
[0.4, 0.2, 0.4, 0.0]
[0.4, 0.2, 0.4, 0.0]
[0.4, 0.2, 0.4, 0.0]
[0.4, 0.2, 0.4, 0.0]
[0.4, 0.2, 0.4, 0.0]
[0.4, 0.2, 0.4, 0.0]
[0.4, 0.2, 0.4, 0.0]
[0.4, 0.2, 0.4, 0.0]
[0.4, 0.2, 0.4, 0.0]
[0.4, 0.2, 0.4, 0.0]
[0.4, 0.2, 0.4, 0.0]
[0.4, 0.2, 0.4, 0.0]
[0.4, 0.2, 0.4, 0.0]
[0.4, 0.2, 0.4, 0.0]
[0.4, 0.2, 0.4, 0.0]
[0.4, 0.2, 0.4, 0.0]
[0.4, 0.2, 0.4, 0.0]
[0.4, 0.2, 0.4, 0.0]
[0.4, 0.2, 0.4, 0.0]
[0.4, 0.2, 0.4, 0.0]
[0.4, 0.2, 0.4, 0.0]
[0.4, 0.2, 0.4, 0.0]
[0.4, 0.2, 0.4, 0.0]
[0.4, 0.2, 0.4, 0.0]
[0.4, 0.2, 0.4, 0.0]
[0.4, 0.2, 0.4, 0.0]
[0.4, 0.2, 0.4, 0.0]
[0.4, 0.2, 0.4, 0.0]
[0.4, 0.2, 0.4, 0.0]
[0.4, 0.2, 0.4, 0.0]
[0.4, 0.2, 0.4, 0.0]
[0.4, 0.2, 0.4, 0.0]
[0.4, 0.2, 0.4, 0.0]
[0.4, 0.2, 0.4, 0.0]
[0.4, 0.2, 0.4, 0.0]
[0.4, 0.2, 0.4, 0.0]
[0.4, 0.2, 0.4, 0.0]
[0.4, 0.2, 0.4, 0.0]
[0.4, 0.2, 0.4, 0.0]
[0.4, 0.2, 0.4, 0.0]
[0.4, 0.2, 0.4, 0.0]
[0.4, 0.2, 0.4, 0.0]
[0.4, 0.2, 0.4, 0.0]
[0.4, 0.2, 0.4, 0.0]
[0.4, 0.2, 0.4, 0.0]
[0.4, 0.2, 0.4, 0.0]
[0.4, 0.2, 0.4, 0.0]
[0.4, 0.2, 0.4, 0.0]
[0.4, 0.2, 0.4, 0.0]
[0.4, 0.2, 0.4, 0.0]
[0.4, 0.2, 0.4, 0.0]
[0.4, 0.2, 0.4, 0.0]
[0.4, 0.2, 0.4, 0.0]
[0.4, 0.2, 0.4, 0.0]
[0.4, 0.2, 0.4, 0.0]
[0.4, 0.2, 0.4, 0.0]
[0.4, 0.2, 0.4, 0.0]
[0.4, 0.2, 0.4, 0.0]
[0.4, 0.2, 0.4, 0.0]
[0.4, 0.2, 0.4, 0.0]
[0.4, 0.2, 0.4, 0.0]
[0.4, 0.2, 0.4, 0.0]
[0.4, 0.2, 0.4, 0.0]
[0.4, 0.2, 0.4, 0.0]
[0.4, 0.2, 0.4, 0.0]
[0.4, 0.2, 0.4, 0.0]
[0.4, 0.2, 0.4, 0.0]
[0.4, 0.2, 0.4, 0.0]
[0.4, 0.2, 0.4, 0.0]
[0.4, 0.2, 0.4, 0.0]
[0.4, 0.2, 0.4, 0.0]
[0.4, 0.2, 0.4, 0.0]
[0.4, 0.2, 0.4, 0.0]
[0.4, 0.2, 0.4, 0.0]
[0.4, 0.2, 0.4, 0.0]
[0.4, 0.2, 0.4, 0.0]
[0.4, 0.2, 0.4, 0.0]
[0.4, 0.2, 0.4, 0.0]
[0.4, 0.2, 0.4, 0.0]
[0.4, 0.2, 0.4, 0.0]
[0.4, 0.2, 0.4, 0.0]
[0.4, 0.2, 0.4, 0.0]
[0.4, 0.2, 0.4, 0.0]
[0.4, 0.2, 0.4, 0.0]
[0.4, 0.2, 0.4, 0.0]
[0.4, 0.2, 0.4, 0.0]
[0.4, 0.2, 0.4, 0.0]
[0.4, 0.2, 0.4, 0.0]
[0.4, 0.2, 0.4, 0.0]
[0.4, 0.2, 0.4, 0.0]
[0.4, 0.2, 0.4, 0.0]
[0.4, 0.2, 0.4, 0.0]
[0.4, 0.2, 0.4, 0.0]
[0.4, 0.2, 0.4, 0.0]
[0.4, 0.2, 0.4, 0.0]
[0.4, 0.2, 0.4, 0.0]
[0.4, 0.2, 0.4, 0.0]
[0.4, 0.2, 0.4, 0.0]
[0.4, 0.2, 0.4, 0.0]
[0.4, 0.2, 0.4, 0.0]
[0.4, 0.2, 0.4, 0.0]
[0.4, 0.2, 0.4, 0.0]
[0.4, 0.2, 0.4, 0.0]
[0.4, 0.2, 0.4, 0.0]
[0.4, 0.2, 0.4, 0.0]
[0.4, 0.2, 0.4, 0.0]
[0.4, 0.2, 0.4, 0.0]
[0.4, 0.2, 0.4, 0.0]
[0.4, 0.2, 0.4, 0.0]
[0.4, 0.2, 0.4, 0.0]
[0.4, 0.2, 0.4, 0.0]
[0.4, 0.2, 0.4, 0.0]
[0.4, 0.2, 0.4, 0.0]
[0.4, 0.2, 0.4, 0.0]
[0.4, 0.2, 0.4, 0.0]
[0.4, 0.2, 0.4, 0.0]
[0.4, 0.2, 0.4, 0.0]
[0.4, 0.2, 0.4, 0.0]
[0.4, 0.2, 0.4, 0.0]
[0.4, 0.2, 0.4, 0.0]
[0.4, 0.2, 0.4, 0.0]
[0.4, 0.2, 0.4, 0.0]
[0.4, 0.2, 0.4, 0.0]
[0.4, 0.2, 0.4, 0.0]
[0.4, 0.2, 0.4, 0.0]
[0.4, 0.2, 0.4, 0.0]
[0.4, 0.2, 0.4, 0.0]
[0.4, 0.2, 0.4, 0.0]
[0.4, 0.2, 0.4, 0.0]
[0.4, 0.2, 0.4, 0.0]
[0.4, 0.2, 0.4, 0.0]
[0.4, 0.2, 0.4, 0.0]
[0.4, 0.2, 0.4, 0.0]
[0.4, 0.2, 0.4, 0.0]
[0.4, 0.2, 0.4, 0.0]
[0.4, 0.2, 0.4, 0.0]
[0.4, 0.2, 0.4, 0.0]
[0.4, 0.2, 0.4, 0.0]
[0.4, 0.2, 0.4, 0.0]
[0.4, 0.2, 0.4, 0.0]
[0.4, 0.2, 0.4, 0.0]
[0.4, 0.2, 0.4, 0.0]
[0.4, 0.2, 0.4, 0.0]
[0.4, 0.2, 0.4, 0.0]
[0.4, 0.2, 0.4, 0.0]
[0.4, 0.2, 0.4, 0.0]
[0.4, 0.2, 0.4, 0.0]
[0.4, 0.2, 0.4, 0.0]
[0.4, 0.2, 0.4, 0.0]
[0.4, 0.2, 0.4, 0.0]
[0.4, 0.2, 0.4, 0.0]
[0.4, 0.2, 0.4, 0.0]
[0.4, 0.2, 0.4, 0.0]
[0.4, 0.2, 0.4, 0.0]
[0.4, 0.2, 0.4, 0.0]
[0.4, 0.2, 0.4, 0.0]
[0.4, 0.2, 0.4, 0.0]
[0.4, 0.2, 0.4, 0.0]
[0.4, 0.2, 0.4, 0.0]
[0.4, 0.2, 0.4, 0.0]
[0.4, 0.2, 0.4, 0.0]
[0.4, 0.2, 0.4, 0.0]
[0.4, 0.2, 0.4, 0.0]
[0.4, 0.2, 0.4, 0.0]
[0.4, 0.2, 0.4, 0.0]
[0.4, 0.2, 0.4, 0.0]
[0.4, 0.2, 0.4, 0.0]
[0.4, 0.2, 0.4, 0.0]
[0.4, 0.2, 0.4, 0.0]
[0.4, 0.2, 0.4, 0.0]
[0.4, 0.2, 0.4, 0.0]
[0.4, 0.2, 0.4, 0.0]
[0.4, 0.2, 0.4, 0.0]
[0.4, 0.2, 0.4, 0.0]
[0.4, 0.2, 0.4, 0.0]
[0.4, 0.2, 0.4, 0.0]
[0.4, 0.2, 0.4, 0.0]
[0.4, 0.2, 0.4, 0.0]
[0.4, 0.2, 0.4, 0.0]
[0.4, 0.2, 0.4, 0.0]
[0.4, 0.2, 0.4, 0.0]
[0.4, 0.2, 0.4, 0.0]
[0.4, 0.2, 0.4, 0.0]
[0.4, 0.2, 0.4, 0.0]
[0.4, 0.2, 0.4, 0.0]
[0.4, 0.2, 0.4, 0.0]
[0.4, 0.2, 0.4, 0.0]
[0.4, 0.2, 0.4, 0.0]
[0.4, 0.2, 0.4, 0.0]
[0.4, 0.2, 0.4, 0.0]
[0.4, 0.2, 0.4, 0.0]
[0.4, 0.2, 0.4, 0.0]
[0.4, 0.2, 0.4, 0.0]
[0.4, 0.2, 0.4, 0.0]
[0.4, 0.2, 0.4, 0.0]
[0.4, 0.2, 0.4, 0.0]
[0.4, 0.2, 0.4, 0.0]
[0.4, 0.2, 0.4, 0.0]
[0.4, 0.2, 0.4, 0.0]
[0.4, 0.2, 0.4, 0.0]
[0.4, 0.2, 0.4, 0.0]
[0.4, 0.2, 0.4, 0.0]
[0.4, 0.2, 0.4, 0.0]
[0.4, 0.2, 0.4, 0.0]
[0.4, 0.2, 0.4, 0.0]
[0.4, 0.2, 0.4, 0.0]
[0.4, 0.2, 0.4, 0.0]
[0.4, 0.2, 0.4, 0.0]
[0.4, 0.2, 0.4, 0.0]
[0.4, 0.2, 0.4, 0.0]
[0.4, 0.2, 0.4, 0.0]
[0.4, 0.2, 0.4, 0.0]
[0.4, 0.2, 0.4, 0.0]
[0.4, 0.2, 0.4, 0.0]
[0.4, 0.2, 0.4, 0.0]
[0.4, 0.2, 0.4, 0.0]
[0.4, 0.2, 0.4, 0.0]
[0.4, 0.2, 0.4, 0.0]
[0.4, 0.2, 0.4, 0.0]
[0.4, 0.2, 0.4, 0.0]
[0.4, 0.2, 0.4, 0.0]
[0.4, 0.2, 0.4, 0.0]
[0.4, 0.2, 0.4, 0.0]
[0.4, 0.2, 0.4, 0.0]
[0.4, 0.2, 0.4, 0.0]
[0.4, 0.2, 0.4, 0.0]
[0.4, 0.2, 0.4, 0.0]
[0.4, 0.2, 0.4, 0.0]
[0.4, 0.2, 0.4, 0.0]
[0.4, 0.2, 0.4, 0.0]
[0.4, 0.2, 0.4, 0.0]
[0.4, 0.2, 0.4, 0.0]
[0.4, 0.2, 0.4, 0.0]
[0.4, 0.2, 0.4, 0.0]
[0.4, 0.2, 0.4, 0.0]
[0.4, 0.2, 0.4, 0.0]
[0.4, 0.2, 0.4, 0.0]
[0.4, 0.2, 0.4, 0.0]
[0.4, 0.2, 0.4, 0.0]
[0.4, 0.2, 0.4, 0.0]
[0.4, 0.2, 0.4, 0.0]
[0.4, 0.2, 0.4, 0.0]
[0.4, 0.2, 0.4, 0.0]
[0.4, 0.2, 0.4, 0.0]
[0.4, 0.2, 0.4, 0.0]
[0.4, 0.2, 0.4, 0.0]
[0.4, 0.2, 0.4, 0.0]
[0.4, 0.2, 0.4, 0.0]
[0.4, 0.2, 0.4, 0.0]
[0.4, 0.2, 0.4, 0.0]
[0.4, 0.2, 0.4, 0.0]
[0.4, 0.2, 0.4, 0.0]
[0.4, 0.2, 0.4, 0.0]
[0.4, 0.2, 0.4, 0.0]
[0.4, 0.2, 0.4, 0.0]
[0.4, 0.2, 0.4, 0.0]
[0.4, 0.2, 0.4, 0.0]
[0.4, 0.2, 0.4, 0.0]
[0.4, 0.2, 0.4, 0.0]
[0.4, 0.2, 0.4, 0.0]
[0.4, 0.2, 0.4, 0.0]
[0.4, 0.2, 0.4, 0.0]
[0.4, 0.2, 0.4, 0.0]
[0.4, 0.2, 0.4, 0.0]
[0.4, 0.2, 0.4, 0.0]
[0.4, 0.2, 0.4, 0.0]
[0.4, 0.2, 0.4, 0.0]
[0.4, 0.2, 0.4, 0.0]
[0.4, 0.2, 0.4, 0.0]
[0.4, 0.2, 0.4, 0.0]
[0.4, 0.2, 0.4, 0.0]
[0.4, 0.2, 0.4, 0.0]
[0.4, 0.2, 0.4, 0.0]
[0.4, 0.2, 0.4, 0.0]
[0.4, 0.2, 0.4, 0.0]
[0.4, 0.2, 0.4, 0.0]
[0.4, 0.2, 0.4, 0.0]
[0.4, 0.2, 0.4, 0.0]
[0.4, 0.2, 0.4, 0.0]
[0.4, 0.2, 0.4, 0.0]
[0.4, 0.2, 0.4, 0.0]
[0.4, 0.2, 0.4, 0.0]
[0.4, 0.2, 0.4, 0.0]
[0.4, 0.2, 0.4, 0.0]
[0.4, 0.2, 0.4, 0.0]
[0.4, 0.2, 0.4, 0.0]
[0.4, 0.2, 0.4, 0.0]
[0.4, 0.2, 0.4, 0.0]
[0.4, 0.2, 0.4, 0.0]
[0.4, 0.2, 0.4, 0.0]
[0.4, 0.2, 0.4, 0.0]
[0.4, 0.2, 0.4, 0.0]
[0.4, 0.2, 0.4, 0.0]
[0.4, 0.2, 0.4, 0.0]
[0.4, 0.2, 0.4, 0.0]
[0.4, 0.2, 0.4, 0.0]
[0.4, 0.2, 0.4, 0.0]
[0.4, 0.2, 0.4, 0.0]
[0.4, 0.2, 0.4, 0.0]
[0.4, 0.2, 0.4, 0.0]
[0.4, 0.2, 0.4, 0.0]
[0.4, 0.2, 0.4, 0.0]
[0.4, 0.2, 0.4, 0.0]
[0.4, 0.2, 0.4, 0.0]
[0.4, 0.2, 0.4, 0.0]
[0.4, 0.2, 0.4, 0.0]
[0.4, 0.2, 0.4, 0.0]
[0.4, 0.2, 0.4, 0.0]
[0.4, 0.2, 0.4, 0.0]
[0.4, 0.2, 0.4, 0.0]
[0.4, 0.2, 0.4, 0.0]
[0.4, 0.2, 0.4, 0.0]
[0.4, 0.2, 0.4, 0.0]
[0.4, 0.2, 0.4, 0.0]
[0.4, 0.2, 0.4, 0.0]
[0.4, 0.2, 0.4, 0.0]
[0.4, 0.2, 0.4, 0.0]
[0.4, 0.2, 0.4, 0.0]
[0.4, 0.2, 0.4, 0.0]
[0.4, 0.2, 0.4, 0.0]
[0.4, 0.2, 0.4, 0.0]
[0.4, 0.2, 0.4, 0.0]
[0.4, 0.2, 0.4, 0.0]
[0.4, 0.2, 0.4, 0.0]
[0.4, 0.2, 0.4, 0.0]
[0.4, 0.2, 0.4, 0.0]
[0.4, 0.2, 0.4, 0.0]
[0.4, 0.2, 0.4, 0.0]
[0.4, 0.2, 0.4, 0.0]
[0.4, 0.2, 0.4, 0.0]
[0.4, 0.2, 0.4, 0.0]
[0.4, 0.2, 0.4, 0.0]
[0.4, 0.2, 0.4, 0.0]
[0.4, 0.2, 0.4, 0.0]
[0.4, 0.2, 0.4, 0.0]
[0.4, 0.2, 0.4, 0.0]
[0.4, 0.2, 0.4, 0.0]
[0.4, 0.2, 0.4, 0.0]
[0.4, 0.2, 0.4, 0.0]
[0.4, 0.2, 0.4, 0.0]
[0.4, 0.2, 0.4, 0.0]
[0.4, 0.2, 0.4, 0.0]
[0.4, 0.2, 0.4, 0.0]
[0.4, 0.2, 0.4, 0.0]
[0.4, 0.2, 0.4, 0.0]
[0.4, 0.2, 0.4, 0.0]
[0.4, 0.2, 0.4, 0.0]
[0.4, 0.2, 0.4, 0.0]
[0.4, 0.2, 0.4, 0.0]
[0.4, 0.2, 0.4, 0.0]
[0.4, 0.2, 0.4, 0.0]
[0.4, 0.2, 0.4, 0.0]
[0.4, 0.2, 0.4, 0.0]
[0.4, 0.2, 0.4, 0.0]
[0.4, 0.2, 0.4, 0.0]
[0.4, 0.2, 0.4, 0.0]
[0.4, 0.2, 0.4, 0.0]
[0.4, 0.2, 0.4, 0.0]
[0.4, 0.2, 0.4, 0.0]
[0.4, 0.2, 0.4, 0.0]
[0.4, 0.2, 0.4, 0.0]
[0.4, 0.2, 0.4, 0.0]
[0.4, 0.2, 0.4, 0.0]
[0.4, 0.2, 0.4, 0.0]
[0.4, 0.2, 0.4, 0.0]
[0.4, 0.2, 0.4, 0.0]
[0.4, 0.2, 0.4, 0.0]
[0.4, 0.2, 0.4, 0.0]
[0.4, 0.2, 0.4, 0.0]
[0.4, 0.2, 0.4, 0.0]
[0.4, 0.2, 0.4, 0.0]
[0.4, 0.2, 0.4, 0.0]
[0.4, 0.2, 0.4, 0.0]
[0.4, 0.2, 0.4, 0.0]
[0.4, 0.2, 0.4, 0.0]
[0.4, 0.2, 0.4, 0.0]
[0.4, 0.2, 0.4, 0.0]
[0.4, 0.2, 0.4, 0.0]
[0.4, 0.2, 0.4, 0.0]
[0.4, 0.2, 0.4, 0.0]
[0.4, 0.2, 0.4, 0.0]
[0.4, 0.2, 0.4, 0.0]
[0.4, 0.2, 0.4, 0.0]
[0.4, 0.2, 0.4, 0.0]
[0.4, 0.2, 0.4, 0.0]
[0.4, 0.2, 0.4, 0.0]
[0.4, 0.2, 0.4, 0.0]
[0.4, 0.2, 0.4, 0.0]
[0.4, 0.2, 0.4, 0.0]
[0.4, 0.2, 0.4, 0.0]
[0.4, 0.2, 0.4, 0.0]
[0.4, 0.2, 0.4, 0.0]
[0.4, 0.2, 0.4, 0.0]
[0.4, 0.2, 0.4, 0.0]
[0.4, 0.2, 0.4, 0.0]
[0.4, 0.2, 0.4, 0.0]
[0.4, 0.2, 0.4, 0.0]
[0.4, 0.2, 0.4, 0.0]
[0.4, 0.2, 0.4, 0.0]
[0.4, 0.2, 0.4, 0.0]
[0.4, 0.2, 0.4, 0.0]
[0.4, 0.2, 0.4, 0.0]
[0.4, 0.2, 0.4, 0.0]
[0.4, 0.2, 0.4, 0.0]
[0.4, 0.2, 0.4, 0.0]
[0.4, 0.2, 0.4, 0.0]
[0.4, 0.2, 0.4, 0.0]
[0.4, 0.2, 0.4, 0.0]
[0.4, 0.2, 0.4, 0.0]
[0.4, 0.2, 0.4, 0.0]
[0.4, 0.2, 0.4, 0.0]
[0.4, 0.2, 0.4, 0.0]
[0.4, 0.2, 0.4, 0.0]
[0.4, 0.2, 0.4, 0.0]
[0.4, 0.2, 0.4, 0.0]
[0.4, 0.2, 0.4, 0.0]
[0.4, 0.2, 0.4, 0.0]
[0.4, 0.2, 0.4, 0.0]
[0.4, 0.2, 0.4, 0.0]
[0.4, 0.2, 0.4, 0.0]
[0.4, 0.2, 0.4, 0.0]
[0.4, 0.2, 0.4, 0.0]
[0.4, 0.2, 0.4, 0.0]
[0.4, 0.2, 0.4, 0.0]
[0.4, 0.2, 0.4, 0.0]
[0.4, 0.2, 0.4, 0.0]
[0.4, 0.2, 0.4, 0.0]
[0.4, 0.2, 0.4, 0.0]
[0.4, 0.2, 0.4, 0.0]
[0.4, 0.2, 0.4, 0.0]
[0.4, 0.2, 0.4, 0.0]
[0.4, 0.2, 0.4, 0.0]
[0.4, 0.2, 0.4, 0.0]
[0.4, 0.2, 0.4, 0.0]
[0.4, 0.2, 0.4, 0.0]
[0.4, 0.2, 0.4, 0.0]
[0.4, 0.2, 0.4, 0.0]
[0.4, 0.2, 0.4, 0.0]
[0.4, 0.2, 0.4, 0.0]
[0.4, 0.2, 0.4, 0.0]
[0.4, 0.2, 0.4, 0.0]
[0.4, 0.2, 0.4, 0.0]
[0.4, 0.2, 0.4, 0.0]
[0.4, 0.2, 0.4, 0.0]
[0.4, 0.2, 0.4, 0.0]
[0.4, 0.2, 0.4, 0.0]
[0.4, 0.2, 0.4, 0.0]
[0.4, 0.2, 0.4, 0.0]
[0.4, 0.2, 0.4, 0.0]
[0.4, 0.2, 0.4, 0.0]
[0.4, 0.2, 0.4, 0.0]
[0.4, 0.2, 0.4, 0.0]
[0.4, 0.2, 0.4, 0.0]
[0.4, 0.2, 0.4, 0.0]
[0.4, 0.2, 0.4, 0.0]
[0.4, 0.2, 0.4, 0.0]
[0.4, 0.2, 0.4, 0.0]
[0.4, 0.2, 0.4, 0.0]
[0.4, 0.2, 0.4, 0.0]
[0.4, 0.2, 0.4, 0.0]
[0.4, 0.2, 0.4, 0.0]
[0.4, 0.2, 0.4, 0.0]
[0.4, 0.2, 0.4, 0.0]
[0.4, 0.2, 0.4, 0.0]
[0.4, 0.2, 0.4, 0.0]
[0.4, 0.2, 0.4, 0.0]
[0.4, 0.2, 0.4, 0.0]
[0.4, 0.2, 0.4, 0.0]
[0.4, 0.2, 0.4, 0.0]
[0.4, 0.2, 0.4, 0.0]
[0.4, 0.2, 0.4, 0.0]
[0.4, 0.2, 0.4, 0.0]
[0.4, 0.2, 0.4, 0.0]
[0.4, 0.2, 0.4, 0.0]
[0.4, 0.2, 0.4, 0.0]
[0.4, 0.2, 0.4, 0.0]
[0.4, 0.2, 0.4, 0.0]
[0.4, 0.2, 0.4, 0.0]
[0.4, 0.2, 0.4, 0.0]
[0.4, 0.2, 0.4, 0.0]
[0.4, 0.2, 0.4, 0.0]
[0.4, 0.2, 0.4, 0.0]
[0.4, 0.2, 0.4, 0.0]
[0.4, 0.2, 0.4, 0.0]
[0.4, 0.2, 0.4, 0.0]
[0.4, 0.2, 0.4, 0.0]
[0.4, 0.2, 0.4, 0.0]
[0.4, 0.2, 0.4, 0.0]
[0.4, 0.2, 0.4, 0.0]
[0.4, 0.2, 0.4, 0.0]
[0.4, 0.2, 0.4, 0.0]
[0.4, 0.2, 0.4, 0.0]
[0.4, 0.2, 0.4, 0.0]
[0.4, 0.2, 0.4, 0.0]
[0.4, 0.2, 0.4, 0.0]
[0.4, 0.2, 0.4, 0.0]
[0.4, 0.2, 0.4, 0.0]
[0.4, 0.2, 0.4, 0.0]
[0.4, 0.2, 0.4, 0.0]
[0.4, 0.2, 0.4, 0.0]
[0.4, 0.2, 0.4, 0.0]
[0.4, 0.2, 0.4, 0.0]
[0.4, 0.2, 0.4, 0.0]
[0.4, 0.2, 0.4, 0.0]
[0.4, 0.2, 0.4, 0.0]
[0.4, 0.2, 0.4, 0.0]
[0.4, 0.2, 0.4, 0.0]
[0.4, 0.2, 0.4, 0.0]
[0.4, 0.2, 0.4, 0.0]
[0.4, 0.2, 0.4, 0.0]
[0.4, 0.2, 0.4, 0.0]
[0.4, 0.2, 0.4, 0.0]
[0.4, 0.2, 0.4, 0.0]
[0.4, 0.2, 0.4, 0.0]
[0.4, 0.2, 0.4, 0.0]
[0.4, 0.2, 0.4, 0.0]
[0.4, 0.2, 0.4, 0.0]
[0.4, 0.2, 0.4, 0.0]
[0.4, 0.2, 0.4, 0.0]
[0.4, 0.2, 0.4, 0.0]
[0.4, 0.2, 0.4, 0.0]
[0.4, 0.2, 0.4, 0.0]
[0.4, 0.2, 0.4, 0.0]
[0.4, 0.2, 0.4, 0.0]
[0.4, 0.2, 0.4, 0.0]
[0.4, 0.2, 0.4, 0.0]
[0.4, 0.2, 0.4, 0.0]
[0.4, 0.2, 0.4, 0.0]
[0.4, 0.2, 0.4, 0.0]
[0.4, 0.2, 0.4, 0.0]
[0.4, 0.2, 0.4, 0.0]
[0.4, 0.2, 0.4, 0.0]
[0.4, 0.2, 0.4, 0.0]
[0.4, 0.2, 0.4, 0.0]
[0.4, 0.2, 0.4, 0.0]
[0.4, 0.2, 0.4, 0.0]
[0.4, 0.2, 0.4, 0.0]
[0.4, 0.2, 0.4, 0.0]
[0.4, 0.2, 0.4, 0.0]
[0.4, 0.2, 0.4, 0.0]
[0.4, 0.2, 0.4, 0.0]
[0.4, 0.2, 0.4, 0.0]
[0.4, 0.2, 0.4, 0.0]
[0.4, 0.2, 0.4, 0.0]
[0.4, 0.2, 0.4, 0.0]
[0.4, 0.2, 0.4, 0.0]
[0.4, 0.2, 0.4, 0.0]
[0.4, 0.2, 0.4, 0.0]
[0.4, 0.2, 0.4, 0.0]
[0.4, 0.2, 0.4, 0.0]
[0.4, 0.2, 0.4, 0.0]
[0.4, 0.2, 0.4, 0.0]
[0.4, 0.2, 0.4, 0.0]
[0.4, 0.2, 0.4, 0.0]
[0.4, 0.2, 0.4, 0.0]
[0.4, 0.2, 0.4, 0.0]
[0.4, 0.2, 0.4, 0.0]
[0.4, 0.2, 0.4, 0.0]
[0.4, 0.2, 0.4, 0.0]
[0.4, 0.2, 0.4, 0.0]
[0.4, 0.2, 0.4, 0.0]
[0.4, 0.2, 0.4, 0.0]
[0.4, 0.2, 0.4, 0.0]
[0.4, 0.2, 0.4, 0.0]
[0.4, 0.2, 0.4, 0.0]
[0.4, 0.2, 0.4, 0.0]
[0.4, 0.2, 0.4, 0.0]
[0.4, 0.2, 0.4, 0.0]
[0.4, 0.2, 0.4, 0.0]
[0.4, 0.2, 0.4, 0.0]
[0.4, 0.2, 0.4, 0.0]
[0.4, 0.2, 0.4, 0.0]
[0.4, 0.2, 0.4, 0.0]
[0.4, 0.2, 0.4, 0.0]
[0.4, 0.2, 0.4, 0.0]
[0.4, 0.2, 0.4, 0.0]
[0.4, 0.2, 0.4, 0.0]
[0.4, 0.2, 0.4, 0.0]
[0.4, 0.2, 0.4, 0.0]
[0.4, 0.2, 0.4, 0.0]
[0.4, 0.2, 0.4, 0.0]
[0.4, 0.2, 0.4, 0.0]
[0.4, 0.2, 0.4, 0.0]
[0.4, 0.2, 0.4, 0.0]
[0.4, 0.2, 0.4, 0.0]
[0.4, 0.2, 0.4, 0.0]
[0.4, 0.2, 0.4, 0.0]
[0.4, 0.2, 0.4, 0.0]
[0.4, 0.2, 0.4, 0.0]
[0.4, 0.2, 0.4, 0.0]
[0.4, 0.2, 0.4, 0.0]
[0.4, 0.2, 0.4, 0.0]
[0.4, 0.2, 0.4, 0.0]
[0.4, 0.2, 0.4, 0.0]
[0.4, 0.2, 0.4, 0.0]
[0.4, 0.2, 0.4, 0.0]
[0.4, 0.2, 0.4, 0.0]
[0.4, 0.2, 0.4, 0.0]
[0.4, 0.2, 0.4, 0.0]
[0.4, 0.2, 0.4, 0.0]
[0.4, 0.2, 0.4, 0.0]
[0.4, 0.2, 0.4, 0.0]
[0.4, 0.2, 0.4, 0.0]
[0.4, 0.2, 0.4, 0.0]
[0.4, 0.2, 0.4, 0.0]
[0.4, 0.2, 0.4, 0.0]
[0.4, 0.2, 0.4, 0.0]
[0.4, 0.2, 0.4, 0.0]
[0.4, 0.2, 0.4, 0.0]
[0.4, 0.2, 0.4, 0.0]
[0.4, 0.2, 0.4, 0.0]
[0.4, 0.2, 0.4, 0.0]
[0.4, 0.2, 0.4, 0.0]
[0.4, 0.2, 0.4, 0.0]
[0.4, 0.2, 0.4, 0.0]
[0.4, 0.2, 0.4, 0.0]
[0.4, 0.2, 0.4, 0.0]
[0.4, 0.2, 0.4, 0.0]
[0.4, 0.2, 0.4, 0.0]
[0.4, 0.2, 0.4, 0.0]
[0.4, 0.2, 0.4, 0.0]
[0.4, 0.2, 0.4, 0.0]
[0.4, 0.2, 0.4, 0.0]
[0.4, 0.2, 0.4, 0.0]
[0.4, 0.2, 0.4, 0.0]
[0.4, 0.2, 0.4, 0.0]
[0.4, 0.2, 0.4, 0.0]
[0.4, 0.2, 0.4, 0.0]
[0.4, 0.2, 0.4, 0.0]
[0.4, 0.2, 0.4, 0.0]
[0.4, 0.2, 0.4, 0.0]
[0.4, 0.2, 0.4, 0.0]
[0.4, 0.2, 0.4, 0.0]
[0.4, 0.2, 0.4, 0.0]
[0.4, 0.2, 0.4, 0.0]
[0.4, 0.2, 0.4, 0.0]
[0.4, 0.2, 0.4, 0.0]
[0.4, 0.2, 0.4, 0.0]
[0.4, 0.2, 0.4, 0.0]
[0.4, 0.2, 0.4, 0.0]
[0.4, 0.2, 0.4, 0.0]
[0.4, 0.2, 0.4, 0.0]
[0.4, 0.2, 0.4, 0.0]
[0.4, 0.2, 0.4, 0.0]
[0.4, 0.2, 0.4, 0.0]
[0.4, 0.2, 0.4, 0.0]
[0.4, 0.2, 0.4, 0.0]
[0.4, 0.2, 0.4, 0.0]
[0.4, 0.2, 0.4, 0.0]
[0.4, 0.2, 0.4, 0.0]
[0.4, 0.2, 0.4, 0.0]
[0.4, 0.2, 0.4, 0.0]
[0.4, 0.2, 0.4, 0.0]
[0.4, 0.2, 0.4, 0.0]
[0.4, 0.2, 0.4, 0.0]
[0.4, 0.2, 0.4, 0.0]
[0.4, 0.2, 0.4, 0.0]
[0.4, 0.2, 0.4, 0.0]
[0.4, 0.2, 0.4, 0.0]
[0.4, 0.2, 0.4, 0.0]
[0.4, 0.2, 0.4, 0.0]
[0.4, 0.2, 0.4, 0.0]
[0.4, 0.2, 0.4, 0.0]
[0.4, 0.2, 0.4, 0.0]
[0.4, 0.2, 0.4, 0.0]
[0.4, 0.2, 0.4, 0.0]
[0.4, 0.2, 0.4, 0.0]
[0.4, 0.2, 0.4, 0.0]
[0.4, 0.2, 0.4, 0.0]
[0.4, 0.2, 0.4, 0.0]
[0.4, 0.2, 0.4, 0.0]
[0.4, 0.2, 0.4, 0.0]
[0.4, 0.2, 0.4, 0.0]
[0.4, 0.2, 0.4, 0.0]
[0.4, 0.2, 0.4, 0.0]
[0.4, 0.2, 0.4, 0.0]
[0.4, 0.2, 0.4, 0.0]
[0.4, 0.2, 0.4, 0.0]
[0.4, 0.2, 0.4, 0.0]
[0.4, 0.2, 0.4, 0.0]
[0.4, 0.2, 0.4, 0.0]
[0.4, 0.2, 0.4, 0.0]
[0.4, 0.2, 0.4, 0.0]
[0.4, 0.2, 0.4, 0.0]
[0.4, 0.2, 0.4, 0.0]
[0.4, 0.2, 0.4, 0.0]
[0.4, 0.2, 0.4, 0.0]
[0.4, 0.2, 0.4, 0.0]
[0.4, 0.2, 0.4, 0.0]
[0.4, 0.2, 0.4, 0.0]
[0.4, 0.2, 0.4, 0.0]
[0.4, 0.2, 0.4, 0.0]
[0.4, 0.2, 0.4, 0.0]
[0.4, 0.2, 0.4, 0.0]
[0.4, 0.2, 0.4, 0.0]
[0.4, 0.2, 0.4, 0.0]
[0.4, 0.2, 0.4, 0.0]
[0.4, 0.2, 0.4, 0.0]
[0.4, 0.2, 0.4, 0.0]
[0.4, 0.2, 0.4, 0.0]
[0.4, 0.2, 0.4, 0.0]
[0.4, 0.2, 0.4, 0.0]
[0.4, 0.2, 0.4, 0.0]
[0.4, 0.2, 0.4, 0.0]
[0.4, 0.2, 0.4, 0.0]
[0.4, 0.2, 0.4, 0.0]
[0.4, 0.2, 0.4, 0.0]
[0.4, 0.2, 0.4, 0.0]
[0.4, 0.2, 0.4, 0.0]
[0.4, 0.2, 0.4, 0.0]
[0.4, 0.2, 0.4, 0.0]
[0.4, 0.2, 0.4, 0.0]
[0.4, 0.2, 0.4, 0.0]
[0.4, 0.2, 0.4, 0.0]
[0.4, 0.2, 0.4, 0.0]
[0.4, 0.2, 0.4, 0.0]
[0.4, 0.2, 0.4, 0.0]
[0.4, 0.2, 0.4, 0.0]
[0.4, 0.2, 0.4, 0.0]
[0.4, 0.2, 0.4, 0.0]
[0.4, 0.2, 0.4, 0.0]
[0.4, 0.2, 0.4, 0.0]
[0.4, 0.2, 0.4, 0.0]
[0.4, 0.2, 0.4, 0.0]
[0.4, 0.2, 0.4, 0.0]
[0.4, 0.2, 0.4, 0.0]
[0.4, 0.2, 0.4, 0.0]
[0.4, 0.2, 0.4, 0.0]
[0.4, 0.2, 0.4, 0.0]
[0.4, 0.2, 0.4, 0.0]
[0.4, 0.2, 0.4, 0.0]
[0.4, 0.2, 0.4, 0.0]
[0.4, 0.2, 0.4, 0.0]
[0.4, 0.2, 0.4, 0.0]
[0.4, 0.2, 0.4, 0.0]
[0.4, 0.2, 0.4, 0.0]
[0.4, 0.2, 0.4, 0.0]
[0.4, 0.2, 0.4, 0.0]
[0.4, 0.2, 0.4, 0.0]
[0.4, 0.2, 0.4, 0.0]
[0.4, 0.2, 0.4, 0.0]
[0.4, 0.2, 0.4, 0.0]
[0.4, 0.2, 0.4, 0.0]
[0.4, 0.2, 0.4, 0.0]
[0.4, 0.2, 0.4, 0.0]
[0.4, 0.2, 0.4, 0.0]
[0.4, 0.2, 0.4, 0.0]
[0.4, 0.2, 0.4, 0.0]
[0.4, 0.2, 0.4, 0.0]
[0.4, 0.2, 0.4, 0.0]
[0.4, 0.2, 0.4, 0.0]
[0.4, 0.2, 0.4, 0.0]
[0.4, 0.2, 0.4, 0.0]
[0.4, 0.2, 0.4, 0.0]
[0.4, 0.2, 0.4, 0.0]
[0.4, 0.2, 0.4, 0.0]
[0.4, 0.2, 0.4, 0.0]
[0.4, 0.2, 0.4, 0.0]
[0.4, 0.2, 0.4, 0.0]
[0.4, 0.2, 0.4, 0.0]
[0.4, 0.2, 0.4, 0.0]
[0.4, 0.2, 0.4, 0.0]
[0.4, 0.2, 0.4, 0.0]
[0.4, 0.2, 0.4, 0.0]
[0.4, 0.2, 0.4, 0.0]
[0.4, 0.2, 0.4, 0.0]
[0.4, 0.2, 0.4, 0.0]
[0.4, 0.2, 0.4, 0.0]
[0.4, 0.2, 0.4, 0.0]
[0.4, 0.2, 0.4, 0.0]
[0.4, 0.2, 0.4, 0.0]
[0.4, 0.2, 0.4, 0.0]
0 - 0.4 
1 - 0.2 
2 - 0.4 
3 - 0.0
----------------------------------------

########## Testcase 1: Failed ##########
Expected Output: 
4 vertices, 6 edges 
0: 1 
1: 2 0 
2: 3 0 
3: 0 

0 - 0.3636363636363637
1 - 0.36363636363636354
2 - 0.18181818181818188
3 - 0.09090909090909086

Your Output: 
4 vertices, 6 edges 
0: 1 
1: 2 0 
2: 3 0 
3: 0 

[0.5, 0.25, 0.125, 0.125]
[0.3125, 0.5, 0.125, 0.0625]
[0.375, 0.3125, 0.25, 0.0625]
[0.34375, 0.375, 0.15625, 0.125]
[0.390625, 0.34375, 0.1875, 0.078125]
[0.34375, 0.390625, 0.171875, 0.09375]
[0.375, 0.34375, 0.1953125, 0.0859375]
[0.35546875, 0.375, 0.171875, 0.09765625]
[0.37109375, 0.35546875, 0.1875, 0.0859375]
[0.357421875, 0.37109375, 0.177734375, 0.09375]
[0.3681640625, 0.357421875, 0.185546875, 0.0888671875]
[0.3603515625, 0.3681640625, 0.1787109375, 0.0927734375]
[0.3662109375, 0.3603515625, 0.18408203125, 0.08935546875]
[0.361572265625, 0.3662109375, 0.18017578125, 0.092041015625]
[0.365234375, 0.361572265625, 0.18310546875, 0.090087890625]
[0.3624267578125, 0.365234375, 0.1807861328125, 0.091552734375]
[0.36456298828125, 0.3624267578125, 0.1826171875, 0.09039306640625]
[0.3629150390625, 0.36456298828125, 0.18121337890625, 0.09130859375]
[0.36419677734375, 0.3629150390625, 0.182281494140625, 0.090606689453125]
[0.3632049560546875, 0.36419677734375, 0.18145751953125, 0.0911407470703125]
[0.3639678955078125, 0.3632049560546875, 0.182098388671875, 0.090728759765625]
[0.36338043212890625, 0.3639678955078125, 0.18160247802734375, 0.0910491943359375]
[0.3638343811035156, 0.36338043212890625, 0.18198394775390625, 0.09080123901367188]
[0.3634834289550781, 0.3638343811035156, 0.18169021606445312, 0.09099197387695312]
[0.3637542724609375, 0.3634834289550781, 0.1819171905517578, 0.09084510803222656]
[0.36354541778564453, 0.3637542724609375, 0.18174171447753906, 0.0909585952758789]
[0.3637065887451172, 0.36354541778564453, 0.18187713623046875, 0.09087085723876953]
[0.36358213424682617, 0.3637065887451172, 0.18177270889282227, 0.09093856811523438]
[0.3636782169342041, 0.36358213424682617, 0.1818532943725586, 0.09088635444641113]
[0.3636040687561035, 0.3636782169342041, 0.18179106712341309, 0.0909266471862793]
[0.3636612892150879, 0.3636040687561035, 0.18183910846710205, 0.09089553356170654]
[0.3636171221733093, 0.3636612892150879, 0.18180203437805176, 0.09091955423355103]
[0.36365121603012085, 0.3636171221733093, 0.18183064460754395, 0.09090101718902588]
[0.3636249005794525, 0.36365121603012085, 0.18180856108665466, 0.09091532230377197]
[0.36364521086215973, 0.3636249005794525, 0.18182560801506042, 0.09090428054332733]
[0.3636295348405838, 0.36364521086215973, 0.18181245028972626, 0.09091280400753021]
[0.3636416345834732, 0.3636295348405838, 0.18182260543107986, 0.09090622514486313]
[0.36363229528069496, 0.3636416345834732, 0.1818147674202919, 0.09091130271553993]
[0.3636395037174225, 0.36363229528069496, 0.1818208172917366, 0.09090738371014595]
[0.36363393999636173, 0.3636395037174225, 0.18181614764034748, 0.0909104086458683]
[0.3636382343247533, 0.36363393999636173, 0.18181975185871124, 0.09090807382017374]
[0.36363491974771023, 0.3636382343247533, 0.18181696999818087, 0.09090987592935562]
[0.3636374780908227, 0.36363491974771023, 0.18181911716237664, 0.09090848499909043]
[0.36363550345413387, 0.3636374780908227, 0.18181745987385511, 0.09090955858118832]
[0.3636370275635272, 0.36363550345413387, 0.18181873904541135, 0.09090872993692756]
[0.36363585118670017, 0.3636370275635272, 0.18181775172706693, 0.09090936952270567]
[0.36363675916800275, 0.36363585118670017, 0.1818185137817636, 0.09090887586353347]
[0.36363605834776536, 0.36363675916800275, 0.18181792559335008, 0.0909092568908818]
[0.3636365992715582, 0.36363605834776536, 0.18181837958400138, 0.09090896279667504]
[0.3636361817625584, 0.3636365992715582, 0.18181802917388268, 0.09090918979200069]
[0.36363650401472114, 0.3636361817625584, 0.1818182996357791, 0.09090901458694134]
[0.3636362552861101, 0.36363650401472114, 0.1818180908812792, 0.09090914981788956]
[0.36363644726588973, 0.3636362552861101, 0.18181825200736057, 0.0909090454406396]
[0.36363629908737494, 0.36363644726588973, 0.18181812764305505, 0.09090912600368029]
[0.3636364134581527, 0.36363629908737494, 0.18181822363294486, 0.09090906382152752]
[0.3636363251816874, 0.3636364134581527, 0.18181814954368747, 0.09090911181647243]
[0.3636363933173925, 0.3636363251816874, 0.18181820672907634, 0.09090907477184373]
[0.3636363407272256, 0.3636363933173925, 0.1818181625908437, 0.09090910336453817]
[0.3636363813186563, 0.3636363407272256, 0.18181819665869625, 0.09090908129542186]
[0.3636363499883828, 0.3636363813186563, 0.1818181703636128, 0.09090909832934813]
[0.36363637417048267, 0.3636363499883828, 0.18181819065932814, 0.0909090851818064]
[0.36363635550566187, 0.36363637417048267, 0.1818181749941914, 0.09090909532966407]
[0.3636363699120011, 0.36363635550566187, 0.18181818708524133, 0.0909090874970957]
[0.3636363587925473, 0.3636363699120011, 0.18181817775283093, 0.09090909354262067]
[0.3636363673750367, 0.3636363587925473, 0.18181818495600055, 0.09090908887641547]
[0.3636363607506894, 0.3636363673750367, 0.18181817939627365, 0.09090909247800028]
[0.36363636586365544, 0.3636363607506894, 0.18181818368751834, 0.09090908969813682]
[0.3636363619172407, 0.36363636586365544, 0.1818181803753447, 0.09090909184375917]
[0.36363636496325924, 0.3636363619172407, 0.18181818293182772, 0.09090909018767235]
[0.36363636261220655, 0.36363636496325924, 0.18181818095862035, 0.09090909146591386]
[0.36363636442685365, 0.36363636261220655, 0.18181818248162962, 0.09090909047931017]
[0.36363636302622826, 0.36363636442685365, 0.18181818130610328, 0.09090909124081481]
[0.3636363641072933, 0.36363636302622826, 0.18181818221342683, 0.09090909065305164]
[0.3636363632728792, 0.3636363641072933, 0.18181818151311413, 0.09090909110671341]
[0.3636363639169171, 0.3636363632728792, 0.18181818205364664, 0.09090909075655706]
[0.36363636341982, 0.3636363639169171, 0.1818181816364396, 0.09090909102682332]
[0.36363636380350167, 0.36363636341982, 0.18181818195845856, 0.0909090908182198]
[0.36363636350735906, 0.36363636380350167, 0.18181818170991, 0.09090909097922928]
[0.3636363637359351, 0.36363636350735906, 0.18181818190175084, 0.090909090854955]
[0.3636363635595099, 0.3636363637359351, 0.18181818175367953, 0.09090909095087542]
[0.36363636369568275, 0.3636363635595099, 0.18181818186796755, 0.09090909087683977]
[0.3636363635905785, 0.36363636369568275, 0.18181818177975495, 0.09090909093398378]
[0.3636363636717026, 0.3636363635905785, 0.18181818184784138, 0.09090909088987748]
[0.3636363636090874, 0.3636363636717026, 0.18181818179528925, 0.09090909092392069]
[0.36363636365741664, 0.3636363636090874, 0.1818181818358513, 0.09090909089764462]
[0.363636363620114, 0.36363636365741664, 0.1818181818045437, 0.09090909091792565]
[0.36363636364890584, 0.363636363620114, 0.18181818182870832, 0.09090909090227185]
[0.363636363626683, 0.36363636364890584, 0.181818181810057, 0.09090909091435416]
[0.36363636364383556, 0.363636363626683, 0.18181818182445292, 0.0909090909050285]
[0.3636363636305965, 0.36363636364383556, 0.1818181818133415, 0.09090909091222646]
[0.363636363640815, 0.3636363636305965, 0.18181818182191778, 0.09090909090667075]
[0.3636363636329279, 0.363636363640815, 0.18181818181529824, 0.09090909091095889]
[0.3636363636390155, 0.3636363636329279, 0.1818181818204075, 0.09090909090764912]
[0.36363636363431684, 0.3636363636390155, 0.18181818181646395, 0.09090909091020374]
[0.3636363636379435, 0.36363636363431684, 0.18181818181950776, 0.09090909090823197]
[0.3636363636351443, 0.3636363636379435, 0.18181818181715842, 0.09090909090975388]
[0.3636363636373048, 0.3636363636351443, 0.18181818181897175, 0.09090909090857921]
[0.3636363636356372, 0.3636363636373048, 0.18181818181757214, 0.09090909090948587]
[0.3636363636369243, 0.3636363636356372, 0.1818181818186524, 0.09090909090878607]
[0.3636363636359309, 0.3636363636369243, 0.1818181818178186, 0.0909090909093262]
[0.36363636363669766, 0.3636363636359309, 0.18181818181846215, 0.0909090909089093]
[0.36363636363610585, 0.36363636363669766, 0.18181818181796544, 0.09090909090923108]
[0.3636363636365626, 0.36363636363610585, 0.18181818181834883, 0.09090909090898272]
[0.3636363636362101, 0.3636363636365626, 0.18181818181805293, 0.09090909090917441]
[0.3636363636364822, 0.3636363636362101, 0.1818181818182813, 0.09090909090902646]
[0.36363636363627216, 0.3636363636364822, 0.18181818181810505, 0.09090909090914065]
[0.36363636363643426, 0.36363636363627216, 0.1818181818182411, 0.09090909090905253]
[0.36363636363630913, 0.36363636363643426, 0.18181818181813608, 0.09090909090912055]
[0.3636363636364057, 0.36363636363630913, 0.18181818181821713, 0.09090909090906804]
[0.36363636363633123, 0.3636363636364057, 0.18181818181815457, 0.09090909090910856]
[0.36363636363638874, 0.36363636363633123, 0.18181818181820286, 0.09090909090907728]
[0.36363636363634433, 0.36363636363638874, 0.18181818181816561, 0.09090909090910143]
[0.3636363636363786, 0.36363636363634433, 0.18181818181819437, 0.09090909090908281]
[0.3636363636363522, 0.3636363636363786, 0.18181818181817216, 0.09090909090909718]
[0.36363636363637253, 0.3636363636363522, 0.1818181818181893, 0.09090909090908608]
[0.3636363636363569, 0.36363636363637253, 0.1818181818181761, 0.09090909090909464]
[0.363636363636369, 0.3636363636363569, 0.18181818181818626, 0.09090909090908805]
[0.36363636363635965, 0.363636363636369, 0.18181818181817844, 0.09090909090909313]
[0.36363636363636687, 0.36363636363635965, 0.1818181818181845, 0.09090909090908922]
[0.36363636363636126, 0.36363636363636687, 0.18181818181817982, 0.09090909090909224]
[0.36363636363636564, 0.36363636363636126, 0.18181818181818343, 0.09090909090908991]
[0.3636363636363623, 0.36363636363636564, 0.18181818181818063, 0.09090909090909172]
[0.36363636363636487, 0.3636363636363623, 0.18181818181818282, 0.09090909090909031]
[0.3636363636363629, 0.36363636363636487, 0.18181818181818116, 0.09090909090909141]
[0.3636363636363644, 0.3636363636363629, 0.18181818181818243, 0.09090909090909058]
[0.3636363636363633, 0.3636363636363644, 0.18181818181818146, 0.09090909090909122]
[0.36363636363636415, 0.3636363636363633, 0.1818181818181822, 0.09090909090909073]
[0.3636363636363635, 0.36363636363636415, 0.18181818181818166, 0.0909090909090911]
[0.36363636363636404, 0.3636363636363635, 0.18181818181818207, 0.09090909090909083]
[0.3636363636363636, 0.36363636363636404, 0.18181818181818174, 0.09090909090909104]
[0.3636363636363639, 0.3636363636363636, 0.18181818181818202, 0.09090909090909087]
[0.3636363636363637, 0.3636363636363639, 0.1818181818181818, 0.09090909090909101]
[0.36363636363636387, 0.3636363636363637, 0.18181818181818196, 0.0909090909090909]
[0.3636363636363637, 0.36363636363636387, 0.18181818181818185, 0.09090909090909098]
[0.36363636363636387, 0.3636363636363637, 0.18181818181818193, 0.09090909090909093]
[0.36363636363636376, 0.36363636363636387, 0.18181818181818185, 0.09090909090909097]
[0.36363636363636387, 0.36363636363636376, 0.18181818181818193, 0.09090909090909093]
[0.36363636363636376, 0.36363636363636387, 0.18181818181818188, 0.09090909090909097]
[0.36363636363636387, 0.36363636363636376, 0.18181818181818193, 0.09090909090909094]
[0.36363636363636376, 0.36363636363636387, 0.18181818181818188, 0.09090909090909097]
[0.36363636363636387, 0.36363636363636376, 0.18181818181818193, 0.09090909090909094]
[0.36363636363636376, 0.36363636363636387, 0.18181818181818188, 0.09090909090909097]
[0.36363636363636387, 0.36363636363636376, 0.18181818181818193, 0.09090909090909094]
[0.36363636363636376, 0.36363636363636387, 0.18181818181818188, 0.09090909090909097]
[0.36363636363636387, 0.36363636363636376, 0.18181818181818193, 0.09090909090909094]
[0.36363636363636376, 0.36363636363636387, 0.18181818181818188, 0.09090909090909097]
[0.36363636363636387, 0.36363636363636376, 0.18181818181818193, 0.09090909090909094]
[0.36363636363636376, 0.36363636363636387, 0.18181818181818188, 0.09090909090909097]
[0.36363636363636387, 0.36363636363636376, 0.18181818181818193, 0.09090909090909094]
[0.36363636363636376, 0.36363636363636387, 0.18181818181818188, 0.09090909090909097]
[0.36363636363636387, 0.36363636363636376, 0.18181818181818193, 0.09090909090909094]
[0.36363636363636376, 0.36363636363636387, 0.18181818181818188, 0.09090909090909097]
[0.36363636363636387, 0.36363636363636376, 0.18181818181818193, 0.09090909090909094]
[0.36363636363636376, 0.36363636363636387, 0.18181818181818188, 0.09090909090909097]
[0.36363636363636387, 0.36363636363636376, 0.18181818181818193, 0.09090909090909094]
[0.36363636363636376, 0.36363636363636387, 0.18181818181818188, 0.09090909090909097]
[0.36363636363636387, 0.36363636363636376, 0.18181818181818193, 0.09090909090909094]
[0.36363636363636376, 0.36363636363636387, 0.18181818181818188, 0.09090909090909097]
[0.36363636363636387, 0.36363636363636376, 0.18181818181818193, 0.09090909090909094]
[0.36363636363636376, 0.36363636363636387, 0.18181818181818188, 0.09090909090909097]
[0.36363636363636387, 0.36363636363636376, 0.18181818181818193, 0.09090909090909094]
[0.36363636363636376, 0.36363636363636387, 0.18181818181818188, 0.09090909090909097]
[0.36363636363636387, 0.36363636363636376, 0.18181818181818193, 0.09090909090909094]
[0.36363636363636376, 0.36363636363636387, 0.18181818181818188, 0.09090909090909097]
[0.36363636363636387, 0.36363636363636376, 0.18181818181818193, 0.09090909090909094]
[0.36363636363636376, 0.36363636363636387, 0.18181818181818188, 0.09090909090909097]
[0.36363636363636387, 0.36363636363636376, 0.18181818181818193, 0.09090909090909094]
[0.36363636363636376, 0.36363636363636387, 0.18181818181818188, 0.09090909090909097]
[0.36363636363636387, 0.36363636363636376, 0.18181818181818193, 0.09090909090909094]
[0.36363636363636376, 0.36363636363636387, 0.18181818181818188, 0.09090909090909097]
[0.36363636363636387, 0.36363636363636376, 0.18181818181818193, 0.09090909090909094]
[0.36363636363636376, 0.36363636363636387, 0.18181818181818188, 0.09090909090909097]
[0.36363636363636387, 0.36363636363636376, 0.18181818181818193, 0.09090909090909094]
[0.36363636363636376, 0.36363636363636387, 0.18181818181818188, 0.09090909090909097]
[0.36363636363636387, 0.36363636363636376, 0.18181818181818193, 0.09090909090909094]
